
Latitude: 40.6142976
Longitude: -79.16093439999997
Latitude: 40.6142976
Longitude: -79.16093439999997
Latitude: 40.6142976
Longitude: -79.16093439999997
